0.035212744206
0.035212744207
0.035212744207
0.035212744152
0.035212744945
0.035212744206
0.035212744206
0.035212744207
0.035212744206
0.035212744210
0.035452846158
0.035212744240
0.035212744207
0.035212744186
0.035212744239
0.035212744295
0.035212751562
0.035213497044
0.035218797682
0.035261758239
0.035447416548
0.035288362843
0.035873728294
0.036397574384
0.037722990800
0.035894024653
0.035895061768
0.037720128790
0.047627008869
0.122869481528
0.158604142673
0.249165025116
0.481451231527
0.315007224789
0.035214304201
0.035213963111
0.035212887913
0.035212744303
0.035212744289
0.035212803049
0.035221077596
0.035251167858
0.684753031656
2.507678785464
3.630235106666
1.333583832391
4.800680168618
3.322268557719
0.735135064845
0.035212744206
0.035212744206
0.035212744206
0.035212744207
0.035212796614
0.035212745137
0.035212744266
0.035212744209
0.035212744207
0.035212744207
0.035212744520
0.035212744241
0.035212744384
0.035212744218
0.035212744224
0.035212744206
0.035212744206
0.737917419025
0.035212744383
0.035212744210
0.118440945165
0.035212906581
0.035212725955
0.035212744206
0.035212744208
0.035212744210
0.035213214467
0.035373991403
0.035220843859
0.035255947755
0.191215926034
0.035261888804
0.035217789232
0.035218481745
0.035213609289
0.035212744213
0.035214946002
0.035212744222
0.035212744228
0.035212744206
0.035212744206
0.035212744206
0.035212744212
0.035212744210
0.035212744264
0.035215940479
0.035215632524
0.035212952234
0.035212776488
0.037146583955
0.035212749215
0.035212757281
0.035412644803
0.035212747599
0.035830082808
0.035212747305
0.035212744811
0.035212772346
0.035212744565
0.035212744508
0.035287887155
0.035212744602
0.035212751399
0.035212746931
0.035219438850
0.035212744208
0.035212744206
0.035212744498
0.035212744206
0.035212744206
0.035212744206
0.035212744575
0.035212744206
0.035212744207
0.035212744207
0.035212744209
0.035212744207
0.035224830237
0.039152158318
0.054510734233
0.256854042287
1.007335347349
3.845738912708
20.878762222373
5.642751389518
5.758640670281
22.867958530014
7.080362487476
1.677011329103
0.744252163853
2.042965256225
0.758004121438
0.399961433841
0.302650946767
0.419048088885
0.484387925956
0.284072814132
0.035212827375
0.035212744047
0.035212744208
0.035229345933
0.035212744214
0.035212744215
0.035212744208
0.035212745520
0.035212747783
0.035212782087
0.035212744367
0.035212869376
0.035212757271
0.035212802405
0.035212746079
0.035212782856
0.035212765518
0.035212747619
0.035214208270
0.035213529886
0.035215619003
0.035212786949
0.035213386416
0.035212825503
0.035214032294
0.035215566980
0.035212934030
0.035212772266
0.035212748582
0.035212753332
0.035212744524
0.035212745513
0.035212744237
0.035212744276
0.035212744463
0.035212744622
0.035212759107
0.035212767308
0.035212744209
0.035212744207
0.035212744207
0.035212744207
0.035212744206
0.035212755694
0.035212744207
0.035212744893
0.035212744210
0.035212744275
0.035212744440
0.035212744206
0.035212744206
0.035212744225
0.035212744206
0.035212744206
0.035212744209
0.035212744206
0.035212744209
0.035212744206
0.035212744206
0.035212744208
0.035212744206
0.035212744207
0.035212744206
0.035212744206
0.035212744206
0.035212744206
0.035212744206
0.035212744206
0.035212744206
0.035212749072
0.035213823071
0.035212790324
0.035212744216
0.035212744325
0.035212746313
0.035217927356
0.035252506966
0.035587936573
0.035417578993
0.039259598135
0.069584435375
0.345500965006
19.495794065491
5.586583376283
0.143469950539
0.062654405992
0.035232202647
0.035216166992
0.035212971679
0.035212918922
0.035212747861
0.035212744332
0.035212744228
0.035212744212
0.035212744214
0.035212744206
0.035212744167
0.035213135379
0.035217918817
0.035239110207
0.035234708144
0.035331830873
0.035371719806
0.035926364586
0.036050490344
43.709158814227
66.864180356101
40.901409986546
13.751296031327
8.575063983548
0.125920665606
0.266162816344
0.138920239688
0.036314017107
0.076383946917
0.035626380406
0.157979178693
0.100495572113
0.062898394809
0.035213123381
0.035218945069
0.035212747138
0.035212744202
0.035212753366
0.035212744111
0.035212745277
0.035212744427
0.035212744255
0.035212744293
0.035212744267
0.035212744219
0.035212744209
0.035212744206
0.035212744209
0.035212744207
0.035212744206
0.035212744206
0.035212744206
0.035212744206
0.035212744206
0.035212744232
0.035212744661
0.035212744206
0.035212744206
0.035220609674
0.035241457414
0.035212744206
0.035212745468
0.035212744240
0.035212778000
0.035212806463
0.035213237283
0.035214045406
0.035213799323
0.035217296882
0.035212950168
0.035218896530
0.035213513035
0.035215677345
0.035214808519
0.035240449759
0.035232039106
0.035212986217
0.035212746042
0.035212744726
0.035212744320
0.035212744461
0.035212744293
0.035212744613
0.035213198674
0.035213574233
0.035213820493
0.035212744223
0.035212744218
0.035212744249
0.035212744696
0.035212755678
0.035212744549
0.035212744207
0.035212757016
0.035212863073
0.035212772157
0.035212745664
0.035212745202
0.035212744207
0.035212744209
0.035212744207
0.035212802119
0.035212745152
0.035212744414
0.035212744243
0.035212744206
0.035212744240
0.035212744238
0.035212744206
0.035212744216
0.035212744209
0.035212744208
0.035212744207
0.035212744208
0.035212745841
0.035212744207
0.035212744207
0.035212744439
0.035212744206
0.035212744206
0.035212744287
0.035212744206
0.035212744206
0.035212744206
0.035212744207
0.035212744206
0.035212744207
0.035212744206
0.035212744208
0.035212744213
0.035212744206
0.035212744206
0.035212744207
0.035212744207
0.035212744206
0.035212744206
0.035212744206
0.035212744206
0.035212744206
0.035212744206
0.035212744206
0.035212744206
0.035212744206
0.035212744206
0.035212744206
0.035212744206
0.035212744206
0.035212744206
0.035212744206
0.035212744206
0.035212744206
0.035212744206
0.035212744206
0.035212744206
0.035212744206
0.035212744206
0.035212744206
0.035212744206
0.035212744206
0.035212744206
0.035212744206
0.035212744206
0.035212744206
0.035212744206
0.035212744206
0.035212744206
0.035212744104
0.035212744206
0.035212747520
0.035212787103
0.035212805278
0.035217261418
1.002150808887
5.034097446840
5.788308034081
1.578503257126
0.226632929427
2.626430015657
0.104212163726
0.047210705635
0.035382315528
0.035222707549
0.035241430321
0.035213750212
0.035212755199
0.035212744130
0.035212744139
0.035465224481
0.035257118631
0.035212766348
0.035218159068
0.035213867090
0.035214167612
0.035212751405
0.035213081548
0.035213752446
0.035212745081
0.035212862375
0.035212744235
0.035212770669
0.035212744207
0.035212744207
0.035212744248
0.035212744206
0.035212744217
0.035212744247
0.035212744214
0.035212744209
0.035212744206
0.035212744207
0.035212744206
0.035212744207
0.035212744206
0.035212744206
0.035212744206
0.035212744206
0.035212744206
0.035212744206
0.035212744206
0.035212744206
0.035212744206
0.035212744206
0.035212744206
0.035212744206
0.035212744206
0.035212744206
0.035212744206
0.035212744206
0.035212744206
0.035212744206
0.035212744206
0.035212744206
0.035212744206
0.035212744206
0.035212744207
0.035212744207
0.035212744206
0.035212747687
0.035212744557
0.035232651038
0.035247588122
0.035510152796
0.037304969072
0.035545117968
0.037784387331
0.035428811559
0.035224974647
0.035213412774
0.035212807306
0.035212745086
0.035212744206
0.035212744206
0.035212744297
0.035212744218
0.035212744206
0.035212744206
0.035212744206
0.035212744206
0.035212744206
0.035212744206
0.035212744206
0.035212744206
0.035212744206
0.035212744206
0.035212744206
0.035212744206
0.035212744206
0.035212744206
0.051676767169
0.053849457161
0.042404601314
0.037215229871
0.037617121016
0.035884469408
0.035864190373
0.035343838550
0.035264833998
0.035218656152
0.035212871103
0.035212744206
0.035212744206
0.035212744206
0.035212744206
0.035212744206
0.035212744206
0.035212744206
0.035212744206
0.035212747010
0.035212761790
0.035212858042
0.035212782764
0.035213140399
0.035213017269
0.035219559986
0.035280093702
0.035359841195
0.076150866234
0.080428563446
0.122256930875
0.038481689274
0.079310798445
0.050909802940
0.037460079682
0.044669417297
0.045601416493
0.036573114738
0.035356114676
0.035246954058
0.035228322740
0.035230643536
0.035218261324
0.035216604289
0.035214403221
0.035213583482
0.035212741915
0.035212743973
0.035212744243
0.035212744215
0.035212744208
0.035212744207
0.035212744207
0.035212744206
0.035212744206
0.035212744206
0.035212744206
0.035212744206
0.035212744206
0.035212744206
0.035212744211
0.035212744295
0.035212746552
0.035212772973
0.035213567709
2.169645188915
0.288417410996
0.104238183693
0.037837341939
0.036132192961
0.139098344950
0.035247503691
0.035697475999
0.044616557547
0.035288677307
0.035212935944
0.035215039100
0.035213452523
0.035212915123
0.035213234670
0.035212805446
0.035212917629
0.035212788283
0.035212753244
0.035212810765
0.035212745362
0.035212744206
0.035212744285
0.035212744796
0.035212745247
0.035212747714
0.035212744212
0.035212744764
0.035212749698
0.035212744217
0.035212744011
0.035212744288
0.035212744240
0.035212744206
0.035212744188
0.035212744207
0.035212744206
0.035212744203
0.035212744209
0.035212744206
0.035212744206
0.035212744205
0.035212744206
0.035212744206
0.035212744206
0.035212744206
0.035212744206
0.035212744206
0.035212744206
0.035212744206
0.035212744206
0.035212744206
0.035212744206
0.035212744206
0.035212744206
0.035212744206
0.035212744206
0.035212744206
0.035212744206
0.035212744206
0.035212744206
0.035212744206
0.035212744206
0.035212744206
0.035212744206
0.035212744206
0.035212744206
0.035212744206
0.035212744206
0.035212744206
0.035212744206
0.035212744206
0.035212744206
0.035212744206
0.035212744206
0.035212744206
0.035212744206
0.035212744206
0.035212744206
0.035212744206
0.035212744206
0.035212744206
0.035212744206
0.035212744206
0.035212744206
0.035212744206
0.035212744206
0.035212744206
0.035212744206
0.035212744206
0.035212744206
0.035212744206
0.035212744206
0.035212744206
0.035212744206
0.035212744212
0.035212744264
0.035212758087
0.035212744290
0.035212744908
0.035212744771
0.035212755737
0.035212759471
0.035214071303
0.035212887801
0.035212898256
0.035216416685
0.035215834765
0.035228412331
0.037407365599
0.039841303722
0.051517888143
0.035212838382
0.035212841979
0.039140869906
0.038660774629
0.035212753012
0.036275956181
0.035525720881
0.035212743926
0.035256559243
0.035301376145
0.035222719597
0.035213739391
0.035212743991
0.035212744270
0.035212744208
0.035213905242
0.035212744207
0.035212744203
0.035212744190
0.035212744206
0.035212744207
0.035212744206
0.035212744206
0.035212744206
0.035212744206
0.035212744324
0.035212745441
0.035212772389
0.035212745922
0.035212754747
0.035212744621
0.035212744637
0.035212761680
0.035212947741
0.035212745733
0.035212810053
0.035213044044
0.035212754865
0.035212802163
0.035213830913
0.035212744569
0.035279072625
0.035213133484
0.035242185517
0.035212911722
0.035212751010
0.035212780559
0.035212749324
0.035228317121
0.035217957364
0.035269705680
0.035408900562
0.043344584739
0.036102908984
0.035411122024
0.041623052949
0.035704141002
0.035213533616
0.035619270732
0.035289438504
0.035243518625
0.035356985210
0.035374349086
0.035661218495
0.035503414520
0.040972431600
0.037043159337
0.035262749737
0.035218105754
0.063163311781
0.040186966412
0.035215746533
0.035305589219
0.035214503991
0.035311651923
0.035213253847
0.035223160083
0.035212746243
0.035214282538
0.035226822378
0.035232744259
0.035212747393
0.035212779161
0.035212744256
0.035213291702
0.035216350795
0.035212744852
0.035212744443
0.035212856878
0.035213898387
0.035212768261
0.035212744212
0.035212744211
0.035212744207
0.035212744207
0.035212744215
0.035212746769
0.035212744207
0.035212744206
0.035212744207
0.035212744819
0.035212744272
0.035212745911
0.035212744212
0.035212744212
0.035212744209
0.035212744209
0.035212744207
0.035212744207
0.035212744206
0.035212744206
0.035212744206
0.035212744206
0.035212744206
0.035212744206
0.035212744206
0.035212744206
0.035212744206
0.035212744206
0.035212744206
0.035212744206
0.035212744206
0.035212744206
0.035212744206
0.035212744206
0.035212744206
0.035212744206
0.035212744206
0.035212744206
0.035212744206
0.035212744206
0.035212744206
0.035212744206
0.035212744206
0.035212744206
0.035212744206
0.035212744206
0.035212744206
0.035212744206
0.035212744206
0.035212744206
0.035212744206
0.035212744206
0.035212744206
0.035212744206
0.035212744206
0.035212744206
0.037719380430
0.037912921095
0.089850284323
0.138677413944
0.086174217302
0.040513293784
0.051612777428
0.098312275655
0.049336800027
0.056698122074
0.052474409105
0.047995963774
0.171161662729
0.064778790401
0.035212747423
0.035212745532
0.035212760918
0.035212745644
0.035212746815
0.035212744206
0.035212744206
0.035212744206
0.035212744206
0.035212744206
0.035212744206
0.035212744206
0.035212744206
0.035212819862
0.035212925040
0.035212802334
0.292112572652
0.080277912860
0.035212744206
0.035212744206
0.035212744206
0.035212744206
0.035212744206
0.035212744206
0.035212744206
0.035212792374
0.035212818740
0.035212744232
0.035212742545
0.035212746296
0.035212744196
0.035212746049
0.035212744185
0.035212744453
0.035212744206
0.035212744206
0.035212744206
0.035212744206
0.035212744206
0.035212744109
0.035212744216
0.035212744124
0.035212743715
0.035212755718
0.035212744206
0.035212744261
0.035212744244
0.035212744254
0.053855324442
0.037549274654
0.033433857580
0.080685509441
0.035203391871
0.035217686960
0.035212744207
0.035212744206
0.035247420278
0.034870642629
0.035224265311
0.034966274151
0.035212745009
0.035212744532
0.035212745576
0.035212746897
0.038828526669
0.035781870901
0.372633295100
0.139238318959
0.149289003770
0.070732567548
0.361918262103
1.412955630764
0.777872667374
0.260199170747
0.660490704858
0.601640180528
2.662207759570
0.035212749071
0.035212745486
0.035212744775
0.036190172280
0.035212758452
0.035212745839
0.035212790414
0.716069601478
0.144452103776
0.630924773244
0.035212744401
0.035212744313
0.035212744207
0.035212758079
0.035212744269
0.035212744223
0.035212744194
0.037856430998
0.042621415318
0.038007580663
0.035212744206
0.035212744206
0.035212744206
5.041473264712
0.845723250740
0.039756198468
0.035554789707
0.038246043465
0.035273069288
0.035220436252
0.035295756203
0.035279149307
0.035674747825
0.035765872344
0.035212745122
0.035212750061
0.035212744214
0.035212744218
0.035212744208
0.035212758721
0.035212754436
0.035212746688
0.035212752590
0.035212746750
0.035212744206
0.035212744206
0.035212744206
0.035212744232
0.035212744228
0.035212744206
0.035212744206
0.035212744208
0.035212808186
0.035215406899
0.035212748532
0.035212746558
0.035212783050
0.035213552208
0.035212745854
0.035212751271
0.035212828210
0.035212867204
0.035218607342
0.035212744550
0.035212744429
0.035212744577
0.035212745608
0.035212744211
0.035212744244
0.035212744223
0.035212744207
0.035212744206
0.035212744206
0.035212744234
0.035212744711
2.664139844977
0.744174009967
13.597395952351
1.469801897231
16.195993237973
109.510872442451
16.939367871399
17.818974280258
53.182795773975
20.119713207331
6.713129528146
9.485288828893
27.155989840551
0.189962989114
0.390729407567
1.776048546231
2.360982686218
0.882090721516
5.671064862391
3.346312968122
1.797712901096
0.401653957499
0.035212744206
0.035212744206
0.035212744206
0.035212744219
0.035212744252
0.035212744552
0.035212908665
0.035212810027
0.035212759152
0.035212795771
0.035212744296
0.035212745745
0.035213454360
0.035212744430
0.035212744537
0.035212744306
0.035212747544
0.035212744684
0.035212904358
0.035217018316
0.035237335312
0.035233295978
0.035212752761
0.035212752153
0.035212851555
0.035213070159
0.035213422497
0.035212748984
0.035212745035
0.035212746764
0.035212744206
0.035212744206
0.035212744206
0.035212744206
0.035212744206
0.035212744206
0.035212744206
0.035212744206
0.035212744206
0.035212744206
0.035212744206
4.236425634379
1.129630280806
1.741936964804
0.035213181096
0.035214448734
0.035212916395
0.036482331952
0.038835567044
0.035633381951
0.035342053133
0.038373869535
0.068779689930
0.040792400564
0.493783579212
1.110794068442
0.142483433115
1.795230448440
3.964694198802
0.779372122353
7.692068542822
6.563764017166
6.143184713042
27.318972773941
13.231497137723
12.332922849200
46.312933276017
0.035212744333
0.035212748416
0.035212744971
0.035212744943
0.035212744591
0.035212744207
0.035212744217
0.035212744206
0.035212744207
0.035212744206
0.035212744268
0.035212745015
0.035212744296
0.035212744247
0.035212744209
0.035212744208
0.035216610673
0.206445180958
0.157076931771
117.236740109561
30.797447192898
55.771138157899
1.296130689914
5.821842130727
12.339333141205
67.474387200269
23.356713140504
6.776973713686
26.597189799792
2.253545560153
6.116117563421
5.972122744579
18.947728624193
17.203622725176
0.081213746219
0.419771694484
0.632916004218
1.034008981190
4.922822768661
0.533714127839
2.178977060982
0.211616370897
0.080854112605
0.072617468646
0.091371314842
0.044285029161
0.062447233030
0.035222644290
0.035281462724
0.064336040582
0.043053179261
0.072766951866
0.037960115493
0.046526955622
0.035221889624
0.035213401912
0.035213265558
0.035401716246
0.035248290066
0.035354956803
0.035370990242
0.035230110730
0.035251140858
0.035212743289
0.035212744167
0.035212785949
0.035212749526
0.035212744168
0.035212744684
0.035212744812
0.035212744206
0.035212744084
0.035212744202
0.035212744224
0.035212744207
0.035212744206
0.035212744206
0.035212744206
0.035212744241
0.035212744210
0.035212744207
0.035212744339
0.035212771034
0.035213002269
0.035212803893
0.035213452138
0.035212750634
0.035212831654
0.035212760164
0.035212784378
0.035212747234
0.035217371097
0.035313863200
0.035212757567
0.035213078001
0.035212769787
0.035213449846
0.035407407113
0.035240914307
0.035254671978
0.035247388404
0.035212947864
0.035212762611
0.035212745803
0.035212763162
0.035212754975
0.035212768745
0.035212748262
0.035212745353
0.035212748796
0.035212744364
0.035212744862
0.035212744799
0.035212744207
0.035212744212
0.035212744206
0.035212744206
0.035212744206
0.035212744206
0.035212744206
0.035212744206
0.035212744206
0.035212744206
0.035212744206
0.035212744206
0.035212744206
0.035212744330
0.035212744206
0.035212744206
0.035212744206
0.035213459508
0.035221296352
0.035464958990
0.035212815805
0.035240408061
0.962381119994
0.294910981769
0.284752114596
0.042805013538
0.036457574427
0.035703869685
0.037263604845
0.035212816203
0.035212752556
0.035212952450
0.035212744111
0.035212744204
0.035212744209
0.035212758495
0.035212745510
0.035212745009
0.035212744206
0.035212744206
0.035212744206
0.035218102734
0.035455975398
0.035258503234
0.035510888852
0.079383182586
0.035898119485
0.035350745603
0.035507116436
0.035212744206
0.035212744206
0.035212744206
0.035212744206
0.035212744206
0.035212744264
0.035212744297
0.035212739727
0.035212744309
0.035236306847
0.035221012074
0.035214282600
0.049359262305
0.035847295446
0.038808033681
0.037162874637
0.035641085518
0.035571693949
0.035643093553
0.036802620266
0.035212763669
0.035212746132
0.035212742259
0.035218701844
0.035222937962
0.035213478872
0.281927464623
0.101611270957
0.321012976206
0.038471567045
0.039968475375
0.052959893745
0.035238514208
0.035225931002
0.035214183933
0.035224273190
0.035229149445
0.036122056419
0.044602076403
0.036356474226
0.035214835087
0.035213713356
0.035212750200
0.035315254303
0.035293767865
0.035213174948
0.035212866508
0.035219383508
0.035212716687
0.035212744205
0.035212744211
0.035212744205
0.035212744206
0.035212744206
0.035212744206
0.035212744206
0.035212744206
0.035212744206
0.035212744206
0.035212744206
0.035212744206
0.035212744206
0.035212744206
0.035212744206
0.035212744206
0.035212744206
0.040835413714
0.035659968664
0.037144310571
0.058671432133
0.078780465796
0.393709404139
0.040554851227
0.036358365358
0.035294258591
0.035304620336
0.035249806254
0.035613083834
0.035212744210
0.035212744346
0.035212744207
0.035212744223
0.035212744419
0.035212744254
0.035212744799
0.035214507449
0.035216218245
0.035319564690
0.035270902001
0.035225876435
0.035212745115
0.035212744558
0.035212816450
0.035213291836
0.035212811672
0.035214493548
0.035231093856
0.035217618060
0.035266627827
0.035218490337
0.035326366241
0.035230689107
0.035233597442
0.035228052632
0.035260869433
0.035218450301
0.035228677072
0.035214271327
0.035213734562
0.035212791304
0.035212933301
0.035213202946
0.035212744206
0.035212744206
0.035212744206
0.035212744206
0.035212744206
0.035212744185
0.035212744206
0.035212744350
0.035212744206
0.035212744206
0.035212744206
0.035212744230
0.035212744279
0.035212744265
0.035212744274
0.035212744551
0.035212744285
0.035212744217
0.035213530912
0.035212927601
0.035213594017
0.035212848333
0.035212821212
0.035212747776
0.035212754290
0.035212746387
0.035212744376
0.035212744578
0.035212744304
0.035212744267
0.035212744210
0.035212744210
0.035212744206
0.035212744206
0.035212744206
0.035212756204
0.035212756541
0.035212746458
0.035212744206
0.035212744205
0.035212744206
0.035212745793
0.035212744187
0.035212749305
0.035212744210
0.035212744221
0.035212744270
0.035212744206
0.035212744206
0.035212744206
0.035298750717
0.035247573023
0.035680987538
0.035212744206
0.035212744200
0.035212744207
0.038209998054
0.045039577038
0.060831080456
0.648205824778
1.747730253669
0.264178036710
0.035920984064
0.035973343269
0.043858774753
0.097072696382
0.395322224493
0.044116647648
0.035378471541
0.035424831984
0.036443551048
0.035212744206
0.035212744206
0.035212744206
0.035212744206
0.035212752407
0.035212745528
0.035212745040
0.035212746231
0.035212750029
0.035212744197
0.035212744206
0.035212744142
0.035212744206
0.035212744206
0.035212744206
0.035213518938
0.035212850085
0.035212822375
0.035537732509
0.035758428069
0.039224827335
0.036032864982
0.036231911158
0.047012710807
0.042152041887
0.036641414432
0.035216930359
0.035221121192
0.035216322083
0.086212302407
0.042519684095
0.048160273514
0.080204402755
0.045203641477
0.035212742902
0.342582037462
0.132233567312
0.075072362695
0.035212744210
0.035212744254
0.035212744285
0.035212744234
0.035212744299
0.035212744853
0.035212744485
0.035212744515
0.035212744507
0.035225117651
0.035244153492
0.035217625474
0.035212743627
0.035212759194
0.035212747955
0.035212743659
0.035212744206
0.035212744206
0.035212744206
0.035212746162
0.035212743034
0.035212744505
0.035212744202
0.035212744204
0.035212744197
0.035229816927
0.035222855020
0.035213547177
0.035214208577
0.035215589534
0.035212983476
0.035210685108
0.035134820414
0.035268505234
0.039670514527
0.036563981016
0.036113155920
0.035212749676
0.035212766404
0.035212747000
0.035212745234
0.038683658234
0.035862134398
0.054232958594
0.035212745002
0.035212755609
0.035212745299
0.239278689788
1.371548733634
0.208221779690
0.035212743659
0.035212741435
0.035212742799
