0.000044
0.000044
0.000044
0.000044
0.000044
0.000085
0.000085
0.041299
0.000085
0.000085
0.000085
0.000085
0.000085
0.000085
0.000085
0.000085
0.000085
0.000072
0.000072
0.000074
0.000072
0.000072
0.000072
0.000072
0.000072
0.000072
0.000072
0.000072
0.000072
0.000072
0.000072
0.000144
0.000072
0.000072
0.000072
0.000072
0.000072
0.000072
0.000072
0.000072
0.000072
0.000096
0.000096
0.000096
0.000096
0.000096
0.000096
0.000096
0.000096
0.000096
0.000096
0.000149
0.000100
0.000096
0.000096
0.000096
0.000096
0.000096
0.000096
0.000096
0.000096
0.000096
0.000096
0.000096
0.000096
0.000068
0.000068
0.000022
0.000068
0.000068
0.000068
0.000068
0.000068
0.000068
0.000068
0.000068
0.000068
0.000072
0.000072
0.009855
0.000072
0.000072
0.000072
0.000072
0.000072
0.000072
0.000072
0.000072
0.000072
0.000151
0.000093
0.000093
0.000093
0.000093
0.000093
0.000093
0.000093
0.000093
0.000093
0.042775
0.000093
0.000093
0.000093
0.000093
0.000093
0.000093
0.000093
0.000093
0.000093
0.000093
0.000093
0.000093
0.000093
0.000072
0.000072
0.000487
0.000072
0.000072
0.000072
0.000072
0.000072
0.000072
0.000072
0.000072
0.000072
0.000068
0.000068
0.000068
0.000068
0.000022
0.000068
0.000022
0.000068
0.000068
0.000068
0.000068
0.000068
0.000093
0.000334
0.000093
0.000093
0.000093
0.000093
0.000093
0.000093
0.000093
0.000093
0.000093
0.002883
0.000093
0.000093
0.000093
0.000093
0.000093
0.000093
0.000093
0.000093
0.000093
0.000093
0.000093
0.000093
0.000123
0.000123
0.000123
0.000123
0.000123
0.000123
0.000123
0.000123
0.000123
0.000356
0.000123
0.000123
0.000123
0.000123
0.000123
0.000123
0.000123
0.000123
0.000123
0.000123
0.000123
0.000123
0.000123
0.000123
0.000076
0.000075
0.000073
0.000075
0.000081
0.000073
0.000075
0.000075
0.000073
0.000075
0.000075
0.000073
0.000075
0.000075
0.000073
0.000075
0.000075
0.000073
0.000075
0.000075
0.000073
0.000075
0.000075
0.000062
0.000075
0.000075
0.000073
0.000075
0.000075
0.000073
0.000442
0.000076
0.000074
0.000075
0.000086
0.000062
0.000075
0.000075
0.000073
0.000075
0.000075
0.000073
0.000075
0.000075
0.000073
0.000075
0.000075
0.000073
0.000075
0.000075
0.000073
0.000075
0.000075
0.000073
0.000075
0.000075
0.000073
0.000075
0.000075
0.000073
0.000075
0.000075
0.000073
0.000075
0.000075
0.000073
0.000075
0.000075
0.000073
0.000075
0.000075
0.000073
0.000066
0.000066
0.000066
0.000066
0.000066
0.000066
0.000066
0.000066
0.000066
0.000066
0.000066
0.000072
0.000072
0.056215
0.000072
0.000072
0.000072
0.000072
0.000072
0.000072
0.000072
0.000072
0.000072
0.001985
0.000091
0.000091
0.000091
0.000091
0.000091
0.000091
0.000091
0.000091
0.000091
0.557778
0.000091
0.000091
0.000091
0.000091
0.000091
0.000091
0.000091
0.000091
0.000091
0.000091
0.000091
0.000091
0.000091
0.000071
0.000071
0.000099
0.000071
0.000071
0.000071
0.000071
0.000071
0.000071
0.000071
0.000071
0.000071
0.000068
0.000068
0.000072
0.000068
0.000068
0.000068
0.000068
0.000068
0.000068
0.000068
0.000068
0.000068
0.000092
0.000099
0.000092
0.000092
0.000092
0.000092
0.000092
0.000092
0.000092
0.000092
0.000093
0.000222
0.000092
0.000092
0.000092
0.000092
0.000092
0.000092
0.000092
0.000092
0.000092
0.000092
0.000092
0.000092
0.000122
0.000122
0.000122
0.000122
0.000122
0.000122
0.000122
0.000122
0.000122
0.000216
0.000122
0.000127
0.000122
0.000122
0.000122
0.000122
0.000122
0.000122
0.000122
0.000122
0.000122
0.000122
0.000122
0.000122
0.000075
0.000075
0.000073
0.000075
0.000101
0.000073
0.000075
0.000075
0.000073
0.000075
0.000075
0.000073
0.000075
0.000075
0.000073
0.000075
0.000075
0.000073
0.000075
0.000075
0.000073
0.000075
0.000075
0.000073
0.000075
0.000075
0.000073
0.000075
0.000075
0.000073
0.000230
0.000075
0.000093
0.000075
0.000083
0.000073
0.000075
0.000075
0.000073
0.000075
0.000075
0.000073
0.000075
0.000075
0.000073
0.000075
0.000075
0.000073
0.000075
0.000075
0.000073
0.000075
0.000075
0.000073
0.000075
0.000075
0.000073
0.000075
0.000075
0.000073
0.000075
0.000075
0.000073
0.000075
0.000075
0.000073
0.000075
0.000075
0.000073
0.000075
0.000075
0.000073
0.000068
0.000068
0.000068
0.000068
0.000068
0.000068
0.000068
0.000068
0.000068
0.000068
0.000068
0.000068
0.000071
0.000071
0.001039
0.000071
0.000071
0.000071
0.000071
0.000071
0.000071
0.000071
0.000071
0.000071
0.000094
0.000092
0.000092
0.000092
0.000092
0.000092
0.000092
0.000092
0.000092
0.000092
0.001848
0.000092
0.000092
0.000092
0.000092
0.000092
0.000092
0.000092
0.000092
0.000092
0.000092
0.000092
0.000092
0.000092
0.000072
0.000072
0.004742
0.000072
0.000072
0.000072
0.000072
0.000072
0.000072
0.000072
0.000072
0.000072
0.000066
0.000022
0.000066
0.000066
0.000066
0.000066
0.000066
0.000066
0.000066
0.000066
0.000091
0.005719
0.000091
0.000091
0.000091
0.000091
0.000091
0.000091
0.000091
0.000091
0.000091
0.032888
0.000091
0.000091
0.000091
0.000091
0.000091
0.000091
0.000091
0.000091
0.000091
0.000091
0.000091
0.000091
0.000122
0.000122
0.000122
0.000122
0.000122
0.000122
0.000122
0.000122
0.000122
0.000339
0.000123
0.000122
0.000122
0.000122
0.000122
0.000122
0.000122
0.000122
0.000122
0.000122
0.000122
0.000122
0.000122
0.000122
0.000076
0.000075
0.000073
0.000075
0.000076
0.000075
0.000075
0.000075
0.000073
0.000075
0.000075
0.000073
0.000075
0.000075
0.000073
0.000075
0.000075
0.000073
0.000075
0.000075
0.000073
0.000075
0.000075
0.000073
0.000075
0.000075
0.000073
0.000075
0.000075
0.000073
0.000499
0.000078
0.000073
0.000075
0.000082
0.000073
0.000075
0.000075
0.000073
0.000075
0.000075
0.000073
0.000075
0.000075
0.000073
0.000075
0.000075
0.000073
0.000075
0.000075
0.000073
0.000075
0.000075
0.000073
0.000075
0.000075
0.000073
0.000075
0.000075
0.000073
0.000075
0.000075
0.000073
0.000075
0.000075
0.000073
0.000075
0.000075
0.000073
0.000075
0.000075
0.000073
0.000134
0.000134
0.000134
0.000134
0.000134
0.000134
0.000134
0.000134
0.000134
0.000134
0.000143
0.000141
0.000134
0.000134
0.000134
0.000134
0.000134
0.000134
0.000134
0.000134
0.000134
0.000134
0.000134
0.000134
0.000079
0.000079
0.000079
0.000080
0.000079
0.000079
0.000079
0.000079
0.000079
0.000079
0.000079
0.000079
0.000079
0.000079
0.000079
0.000079
0.000079
0.000079
0.000079
0.000079
0.000079
0.000079
0.000079
0.000079
0.000079
0.000079
0.000079
0.000079
0.000079
0.000079
0.000080
0.000101
0.000090
0.000080
0.000079
0.000079
0.000079
0.000079
0.000079
0.000079
0.000079
0.000079
0.000079
0.000079
0.000079
0.000079
0.000079
0.000079
0.000079
0.000079
0.000079
0.000079
0.000079
0.000079
0.000079
0.000079
0.000079
0.000079
0.000079
0.000079
0.000079
0.000079
0.000079
0.000079
0.000079
0.000079
0.000079
0.000079
0.000079
0.000079
0.000079
0.000079
0.000114
0.000114
0.000114
0.000114
0.000114
0.000114
0.000129
0.000124
0.000418
0.000114
0.000114
0.000114
0.000114
0.000114
0.000114
0.000114
0.000114
0.000114
0.000114
0.000114
0.000114
0.000114
0.000114
0.000114
0.000114
0.000114
0.000114
0.002864
0.004903
0.060783
0.000114
0.000114
0.000114
0.000114
0.000114
0.000114
0.000114
0.000114
0.000114
0.000114
0.000114
0.000114
0.000114
0.000114
0.000114
0.000114
0.000114
0.000114
0.000114
0.000114
0.000114
0.000114
0.000114
0.000114
0.000114
0.000114
0.000114
0.000114
0.000114
0.000114
0.000114
0.000114
0.000114
0.000114
0.000114
0.000114
0.000114
0.000114
0.000114
0.000114
0.000114
0.000114
0.000077
0.000086
0.000246
0.000072
0.000073
0.000073
0.000057
0.000068
0.000034
0.000073
0.000072
0.000073
0.000350
0.000117
0.001935
0.000068
0.000068
0.000068
0.000073
0.000072
0.000073
0.000072
0.000073
0.000073
0.000068
0.000068
0.000068
0.000073
0.000072
0.000073
0.000072
0.000073
0.000073
0.000068
0.000068
0.000068
0.000073
0.000072
0.000073
0.000072
0.000073
0.000073
0.000068
0.000057
0.000034
0.000073
0.000072
0.000073
0.000072
0.000073
0.000073
0.000068
0.000068
0.000068
0.000073
0.000072
0.000073
0.000072
0.000073
0.000073
0.000068
0.000068
0.000068
0.000073
0.000072
0.000073
0.000072
0.000073
0.000073
0.000034
0.000034
0.000073
0.000072
0.000073
0.000072
0.000073
0.000073
0.000068
0.000068
0.000068
0.000073
0.000072
0.000073
0.000072
0.000073
0.000073
0.000068
0.000068
0.000068
0.004417
0.006279
0.070202
0.000072
0.000073
0.000073
0.000069
0.000068
0.000068
0.000073
0.000072
0.000073
0.000222
0.000244
0.002391
0.000034
0.000034
0.000073
0.000072
0.000073
0.000072
0.000073
0.000073
0.000068
0.000068
0.000068
0.000073
0.000072
0.000073
0.000072
0.000073
0.000073
0.000068
0.000068
0.000068
0.000073
0.000072
0.000073
0.000072
0.000073
0.000073
0.000068
0.000068
0.000068
0.000073
0.000072
0.000073
0.000072
0.000073
0.000073
0.000068
0.000068
0.000068
0.000073
0.000072
0.000073
0.000072
0.000073
0.000073
0.000068
0.000068
0.000068
0.000073
0.000072
0.000073
0.000072
0.000073
0.000073
0.000068
0.000068
0.000068
0.000073
0.000072
0.000073
0.000072
0.000073
0.000073
0.000068
0.000068
0.000068
0.000073
0.000072
0.000073
0.000072
0.000073
0.000073
0.000068
0.000068
0.000068
0.000073
0.000072
0.000073
0.000072
0.000073
0.000073
0.000068
0.000068
0.000068
0.000073
0.000072
0.000073
0.000072
0.000073
0.000073
0.000068
0.000068
0.000068
0.000073
0.000072
0.000073
0.000072
0.000073
0.000073
0.000068
0.000068
0.000068
0.000073
0.000072
0.000073
0.000072
0.000073
0.000073
0.000068
0.000068
0.000068
