0.000047
0.000047
0.000047
0.000047
0.000047
0.000091
0.000091
0.000091
0.000091
0.528815
0.000091
0.000091
0.000091
0.000091
0.000091
0.000091
0.000091
0.000078
0.000078
0.000078
0.000078
0.000105
0.000078
0.000078
0.000078
0.000078
0.000078
0.000078
0.000078
0.000078
0.000078
0.000078
0.000078
0.000105
0.000078
0.000078
0.000078
0.000078
0.000078
0.000078
0.000078
0.000103
0.000103
0.000103
0.000104
0.000104
0.000103
0.000103
0.000104
0.000104
0.000103
0.000103
0.000103
0.000103
0.000103
0.000103
0.000103
0.000103
0.000103
0.000103
0.000103
0.000103
0.000103
0.000103
0.000103
0.000072
0.000072
0.000024
0.000072
0.000073
0.000072
0.000072
0.000072
0.000072
0.000072
0.000072
0.000072
0.000077
0.000077
0.000077
0.000077
0.007037
0.000077
0.000077
0.000077
0.000077
0.000077
0.000077
0.000077
0.000099
0.000099
0.000099
0.001959
0.000099
0.000099
0.000099
0.001959
0.000099
0.000099
0.000099
0.000099
0.000099
0.000099
0.000099
0.000099
0.000099
0.000099
0.000099
0.000099
0.000099
0.000099
0.000099
0.000099
0.000077
0.000077
0.000077
0.000077
0.007037
0.000077
0.000077
0.000077
0.000077
0.000077
0.000077
0.000077
0.000072
0.000072
0.000072
0.000072
0.000024
0.000072
0.000024
0.000072
0.000072
0.000072
0.000072
0.000072
0.000099
0.000099
0.000099
0.000099
0.001959
0.000099
0.000099
0.000099
0.001959
0.000099
0.000099
0.000099
0.000099
0.000099
0.000099
0.000099
0.000099
0.000099
0.000099
0.000099
0.000099
0.000099
0.000099
0.000099
0.000132
0.000132
0.000132
0.000132
0.000132
0.000143
0.000143
0.000132
0.000132
0.000132
0.000132
0.000132
0.000132
0.000132
0.000132
0.000132
0.000132
0.000132
0.000132
0.000132
0.000132
0.000132
0.000132
0.000132
0.000081
0.000081
0.000079
0.000081
0.000081
0.000079
0.000081
0.000081
0.000079
0.000094
0.000081
0.000079
0.000081
0.000094
0.000079
0.000081
0.000081
0.000079
0.000081
0.000081
0.000079
0.000094
0.000081
0.000067
0.000081
0.000094
0.000079
0.000081
0.000081
0.000079
0.000081
0.000081
0.000079
0.000081
0.000081
0.000067
0.000081
0.000081
0.000079
0.000081
0.000081
0.000079
0.000081
0.000081
0.000079
0.000081
0.000081
0.000079
0.000081
0.000081
0.000079
0.000081
0.000081
0.000079
0.000081
0.000081
0.000079
0.000081
0.000081
0.000079
0.000081
0.000081
0.000079
0.000081
0.000081
0.000079
0.000081
0.000081
0.000079
0.000081
0.000081
0.000079
0.000071
0.000071
0.000071
0.000071
0.000071
0.000071
0.000071
0.000071
0.000071
0.000071
0.000071
0.000077
0.000077
0.000077
0.000077
0.074266
0.000077
0.000077
0.000077
0.000077
0.000077
0.000077
0.000077
0.000098
0.000098
0.000098
0.044317
0.000098
0.000098
0.000098
0.044317
0.000098
0.000098
0.000098
0.000098
0.000098
0.000098
0.000098
0.000098
0.000098
0.000098
0.000098
0.000098
0.000098
0.000098
0.000098
0.000098
0.000076
0.000076
0.000076
0.000076
0.000556
0.000076
0.000076
0.000076
0.000076
0.000076
0.000076
0.000076
0.000073
0.000073
0.000073
0.000073
0.000074
0.000073
0.000073
0.000073
0.000073
0.000073
0.000073
0.000073
0.000099
0.000099
0.000099
0.000099
0.000154
0.000099
0.000099
0.000099
0.000154
0.000099
0.000099
0.000099
0.000099
0.000099
0.000099
0.000099
0.000099
0.000099
0.000099
0.000099
0.000099
0.000099
0.000099
0.000099
0.000130
0.000130
0.000130
0.000130
0.000131
0.000138
0.000138
0.000130
0.000131
0.000130
0.000130
0.000130
0.000130
0.000130
0.000130
0.000130
0.000130
0.000130
0.000130
0.000130
0.000130
0.000130
0.000130
0.000130
0.000080
0.000080
0.000078
0.000080
0.000080
0.000078
0.000080
0.000080
0.000078
0.000085
0.000080
0.000080
0.000080
0.000107
0.000078
0.000080
0.000080
0.000078
0.000080
0.000080
0.000078
0.000085
0.000080
0.000080
0.000080
0.000107
0.000078
0.000080
0.000080
0.000078
0.000080
0.000080
0.000078
0.000080
0.000080
0.000078
0.000080
0.000080
0.000078
0.000080
0.000080
0.000078
0.000080
0.000080
0.000078
0.000080
0.000080
0.000078
0.000080
0.000080
0.000078
0.000080
0.000080
0.000078
0.000080
0.000080
0.000078
0.000080
0.000080
0.000078
0.000080
0.000080
0.000078
0.000080
0.000080
0.000078
0.000080
0.000080
0.000078
0.000080
0.000080
0.000078
0.000073
0.000073
0.000073
0.000073
0.000074
0.000073
0.000073
0.000073
0.000073
0.000073
0.000073
0.000073
0.000076
0.000076
0.000076
0.000076
0.000556
0.000076
0.000076
0.000076
0.000076
0.000076
0.000076
0.000076
0.000099
0.000099
0.000099
0.000154
0.000099
0.000099
0.000099
0.000154
0.000099
0.000099
0.000099
0.000099
0.000099
0.000099
0.000099
0.000099
0.000099
0.000099
0.000099
0.000099
0.000099
0.000099
0.000099
0.000099
0.000077
0.000077
0.000077
0.000077
0.074266
0.000077
0.000077
0.000077
0.000077
0.000077
0.000077
0.000077
0.000071
0.000024
0.000071
0.000071
0.000071
0.000071
0.000071
0.000071
0.000071
0.000071
0.000098
0.000098
0.000098
0.000098
0.044317
0.000098
0.000098
0.000098
0.044317
0.000098
0.000098
0.000098
0.000098
0.000098
0.000098
0.000098
0.000098
0.000098
0.000098
0.000098
0.000098
0.000098
0.000098
0.000098
0.000130
0.000130
0.000130
0.000131
0.000130
0.000138
0.000138
0.000131
0.000130
0.000130
0.000130
0.000130
0.000130
0.000130
0.000130
0.000130
0.000130
0.000130
0.000130
0.000130
0.000130
0.000130
0.000130
0.000130
0.000080
0.000080
0.000078
0.000080
0.000080
0.000078
0.000080
0.000080
0.000078
0.000107
0.000080
0.000078
0.000080
0.000085
0.000080
0.000080
0.000080
0.000078
0.000080
0.000080
0.000078
0.000107
0.000080
0.000078
0.000080
0.000085
0.000080
0.000080
0.000080
0.000078
0.000080
0.000080
0.000078
0.000080
0.000080
0.000078
0.000080
0.000080
0.000078
0.000080
0.000080
0.000078
0.000080
0.000080
0.000078
0.000080
0.000080
0.000078
0.000080
0.000080
0.000078
0.000080
0.000080
0.000078
0.000080
0.000080
0.000078
0.000080
0.000080
0.000078
0.000080
0.000080
0.000078
0.000080
0.000080
0.000078
0.000080
0.000080
0.000078
0.000080
0.000080
0.000078
0.000144
0.000144
0.000144
0.000144
0.000144
0.000144
0.000144
0.000144
0.000144
0.000144
0.000144
0.000144
0.000144
0.000144
0.000144
0.000144
0.000144
0.000144
0.000144
0.000144
0.000144
0.000144
0.000144
0.000144
0.000085
0.000085
0.000085
0.000085
0.000085
0.000085
0.000085
0.000085
0.000085
0.000085
0.000086
0.000085
0.000086
0.000085
0.000085
0.000085
0.000085
0.000085
0.000085
0.000085
0.000085
0.000085
0.000086
0.000085
0.000086
0.000085
0.000085
0.000085
0.000085
0.000085
0.000085
0.000085
0.000085
0.000085
0.000085
0.000085
0.000085
0.000085
0.000085
0.000085
0.000085
0.000085
0.000085
0.000085
0.000085
0.000085
0.000085
0.000085
0.000085
0.000085
0.000085
0.000085
0.000085
0.000085
0.000085
0.000085
0.000085
0.000085
0.000085
0.000085
0.000085
0.000085
0.000085
0.000085
0.000085
0.000085
0.000085
0.000085
0.000085
0.000085
0.000085
0.000085
0.000122
0.000122
0.000122
0.000122
0.000122
0.000122
0.000122
0.000122
0.000122
0.000122
0.000122
0.000122
0.000122
0.000122
0.000122
0.000342
0.000342
0.004999
0.000342
0.000342
0.004999
0.000122
0.000122
0.000122
0.000122
0.000122
0.000122
0.000122
0.000122
0.000122
0.000122
0.000122
0.000122
0.000122
0.000122
0.000122
0.000122
0.000122
0.000122
0.000122
0.000122
0.000122
0.000122
0.000122
0.000122
0.000122
0.000122
0.000122
0.000122
0.000122
0.000122
0.000122
0.000122
0.000122
0.000122
0.000122
0.000122
0.000122
0.000122
0.000122
0.000122
0.000122
0.000122
0.000122
0.000122
0.000122
0.000122
0.000122
0.000122
0.000122
0.000122
0.000122
0.000078
0.000078
0.000078
0.000078
0.000078
0.000078
0.000061
0.000073
0.000037
0.000078
0.000078
0.000078
0.000078
0.000078
0.000078
0.000073
0.000073
0.000073
0.000078
0.000078
0.000078
0.000078
0.000078
0.000078
0.000073
0.000073
0.000073
0.000245
0.000480
0.004819
0.000078
0.000078
0.000078
0.000073
0.000073
0.000073
0.000078
0.000078
0.000078
0.000480
0.000245
0.004819
0.000073
0.000061
0.000037
0.000078
0.000078
0.000078
0.000078
0.000078
0.000078
0.000073
0.000073
0.000073
0.000078
0.000078
0.000078
0.000078
0.000078
0.000078
0.000073
0.000073
0.000073
0.000245
0.000480
0.004819
0.000078
0.000078
0.000078
0.000036
0.000036
0.000078
0.000078
0.000078
0.000480
0.000245
0.004819
0.000073
0.000073
0.000073
0.000078
0.000078
0.000078
0.000078
0.000078
0.000078
0.000073
0.000073
0.000073
0.000078
0.000078
0.000078
0.000078
0.000078
0.000078
0.000073
0.000073
0.000073
0.000078
0.000078
0.000078
0.000078
0.000078
0.000078
0.000036
0.000036
0.000078
0.000078
0.000078
0.000078
0.000078
0.000078
0.000073
0.000073
0.000073
0.000078
0.000078
0.000078
0.000078
0.000078
0.000078
0.000073
0.000073
0.000073
0.000078
0.000078
0.000078
0.000078
0.000078
0.000078
0.000073
0.000073
0.000073
0.000078
0.000078
0.000078
0.000078
0.000078
0.000078
0.000073
0.000073
0.000073
0.000078
0.000078
0.000078
0.000078
0.000078
0.000078
0.000073
0.000073
0.000073
0.000078
0.000078
0.000078
0.000078
0.000078
0.000078
0.000073
0.000073
0.000073
0.000078
0.000078
0.000078
0.000078
0.000078
0.000078
0.000073
0.000073
0.000073
0.000078
0.000078
0.000078
0.000078
0.000078
0.000078
0.000073
0.000073
0.000073
0.000078
0.000078
0.000078
0.000078
0.000078
0.000078
0.000073
0.000073
0.000073
0.000078
0.000078
0.000078
0.000078
0.000078
0.000078
0.000073
0.000073
0.000073
0.000078
0.000078
0.000078
0.000078
0.000078
0.000078
0.000073
0.000073
0.000073
0.000078
0.000078
0.000078
0.000078
0.000078
0.000078
0.000073
0.000073
0.000073
